984 Index

Gen. 26, 4 . .367, 14382, 16'11106. 17,9. . . . . .595, 14
26, 7.594,19,637,21.712, 2 19 ........ 37812
27,40,...,.,68417 19,3 ....,.132,17
2811 ....... 35427 19-31 . , , , , .770, 22
2812 ....... 426, 23 20. 359, 1423, 2.456,18
2814... 367,14.382,16 20, 4 , . . . . .517, 18
29. ,633 5. 684, 15 26, 5 .127,4.135. 16
29, 17. 30. .,646 6 20, 7428, 26. 52814, 527, 5
29, 26 ....... 648131 20,8 268, 17. 444, 20
30, 595, 1. 639, 5 20, 12’.126,1.429, 19646, 22

6841519 20, 13. 431,,2 518, 8. 761, 1
30,1.., . ,64823 2014 ... ,5265
30, 9 ....... 2644 20,14.17 , , . , ,65812
30,14 ....... 654, 3 20, 17 , , 285,14,310,17
31, 4. . . . . . ,335 6 595,14.586,12
8224. . . 132,14,354,10 21,24 , . 130, 9.518, 9
35, 22 ....... 65819 - 525, 558819
37,26..·.,.,656,16 2820 ,,,,,,461,7
37-47 ...... 35815Ι 2822 ,,,,,,164,1
38.. 595, 4.685,8 2823 , ,,...416,17
38,7.,...,.687,525,2,.,, ,1344
381318, 29 373, 6.379,12.395, 9
485 ....... 2645 .359, 3
481 ....... 3685 31, 13 .444,20.762, 10
49, 3. ,6,59 225 31, 18. .422, 25
49, 8.. 656,1.3 659, 6ι 32, 680, 23. 698, 26
4810. .,688 26 33,11,7,07 10

Exod. 2,9 ...... 264, 4 33, 19 ,570 9
2,12,595,,,.,136661569715 3415, ,,,,,135,16
3, 2 132, 15. 188, 25, 426, 19 555181.. . . . ,762, 11

,,,,,,, 487,8¹11,l......487,9

,,,,,,, 667,13 ,75813768 5

,,,,,,, 6848 116 .,.,.748,21

,,36716655, 12 11, 7 , . . ,268, 17

.848,26.::86321340......892,9

.. 7.254 1818 .,,,.,522.17

,,,,,,, 66810 23.,.,...,762,23

,,,,,,, 697,28 23,34.,...,301,2

,,.35621426,19 26,.3 ,,.,176,21

,,,,,,, 665, 27 Num.18‚9. .480, 21

,,,,,,, 487,19 13, 24. 359, 16, 370, 3

,,,,,,, 4888 14, 6 , , ,,480 21

11, 2.. . . 668‚19.697‚23 1414 . , . ,3586

12. ..268 17. 762, 20 15, 35 ,181,11,765, 2

12 3 ,,,,,,, 66810 2010 ..45815

12,15 ,,,,,,, 300, 18 20, 11 . . , 143, 27

12, 22. ,35824 21, 8. .358, 14

12,· 35, 59513 66810 697, 23 21, 9 . 1,80,29.408, 14

12, 46 ,,,,,,, 35823 05482, 9. ,655, 20

1513 ,,,,,,, 591, 18 4, 28 ...... 14410

15, 23 ....... 858, 8 424 ,,14616

17 ........ 35812 5,12 . . . ,,159 8

17,1 ,,,,,,, 3581 51:32... ,486,16

17, 8 ,,,,,,, 69812 6. 4,425,2.428,23.517, 3

ωωῠ-*ῌ

ΦεοΞικοικοι-ισιηὶσιοιηὶω

ΝβὲμψμμὲῡὲθφΞᾹῺμφ-

μ

 

