988 ⁵ Α Index

Matth. 8, 31 . . . . ,669, 21 1161111116, 13 .91‚ 12, 102, 21
8,32 .....,291,12 16,24 ,,..,,689,8
9,6,.,.,,303,2016,16.,., ,,66418
9,9 ,,483,17,486,21 1617 , 27416 276 8
9,12 ,,,,,,338,1 16122.469,.,’,,;266197371
213 ..,,,.491,21 16,2.3 ,307, 1,671,17
9,16,,.,,,170,416,24.,172;,;2217926
9,16.306,16,306,23,417, 3 17, 1 . . ,,467 20
10, 2 , , 198, 26669, 1 17, 2 , , 188, 26. 318, 12
10, 9 , . 177,12.271, 16 17, 6 . , 374, 4, 382, 27
10,14 ,,,,..6021 463;,;271212
10,16 ,,,,..106,24 17,60 ., 7361
10,16,28.30 . , .676, 18 18, 22 . , 127,10,266,12
10,23 ,,.,..630,3 19,3, ,1198
10,26 ...,.,448,4 19,4. 6,.32,7
10,28,138,12.246, 1,414,’ 8 19, 6 , ,667,1
10,29 ..,..,184,28 19,7 ,6334
10,38 ,..,,.282,16 19,8, ,826
10, 39 , . . . , ,601, 17 19, 12 ,121, 28182, 8
10,42 ..,...282,24 4662276118
11,6,.,,,.272219,1.7,.. 1,2622
11,11 , , , . . .689, 22 19, 21 . , 179, 26.274·, 1
11, 12 , . , . , ,62416 19, 29,118,22,173,20,271, 12
11,18,..,.,478;’162016,,.,,.667,28
11, 19 .488, 2 21 ,,,,,,,, 61213
11, 28, .117, 26, 607, 21 21,1 , , . . , ,181,26
12,1,278,16 21, 2 ...... 36219
123 ,819 217.,.,..426,22
12, 7.473,21,491,21656,23 21,12 ...,,,135,6
1210 ,181131 21,19 ,,..,,12218
1230 . , . 346, 27 21, 31,369,18,682,28,786, 10
12,32,,.,,.186,16 21,33,.,...427,3
12, 33106, 14. 831, 28. 907, 3 222 . , 147,10,427, 1
1214„ ..... 664ῐζ72210....,,660,8
12, 39 ,,10 24 2211 . , 602,13,608, 2
1246 ,3042662217 22 21 , . . , , ,67226
12,48 30327 6333 2223 ,..,..536,6
13 ........ 66216 22, 30141, 1,183, 23621, 28
13,10 ,,.,..303,19 2231.. ...4683
1317 ,,.,..689,24 2237 ,.··.,423,18
13,26 , , 396,14,492, 6 2240 ,.,.,,496,11
13,27 ..,..,829,18 2242 ..,,,,380,23
13, 29 ,,,,,, 669, 13 23, 2 , , 160, 22476, 22
13,30.397,11.496,24,694, 3 23, 3,488,26,660,19,684, 26
Ἱ13, 31 ...,,,363,12 23, 9 . , 304, 3.633, 1
13,44 ,..,..183,12 23,16. , , 160, 6,446,10
13, 62270, 9,306,20, 418, 23 476, 17,491, 16
13,67 ..,,,,469,23 2323 ,,,...481,19
14,30..,. 46217 23,33,,..,,124,9
16,3,,160,16.469,13 23,34,.,,..498,8
16,8,,, ,664,,92336.,.,,,676,9
16,10 ..167847923 24,16 ..,,,,3726
16,11 . , 292, 24, 446, 22 2424 ...... 38316

491, 19773, 3 24, 26 . . . , , ,39218

 

