994 · Index

11611211,37721696,16,772,13 1711666619 , , ,159, 2
2,12 ....... 362,9ΙΙΤ1]6861,6 ., .609,23
2,14 ....... 67612 1, 8 ....... 177, 26
2, 14, 20. ,64,1424 2,12 ....... 912,12
2,19 ....... 396,23ΙΤίιιι,1,1 ,, ,41027
{2039ss 2,,.41319 436, ⁵1} 1, 5.,277 461013 666, 8
,19 ....... 376, 6 ,

, 2 ....... 692, 9
,,187 21, 319, 2, 587, 4
834, 4, 866, 8 90816
,,609 ll. 681, 6
, 1 ....... 362, 25

, , 186, 1, 699, 12 ,,387 27, 456, 26
907, 6.947,11 611, 21 605, 3

....... 121,2 ,15.,,,,,.621

, , 369, 22692, 17 ,7 ....... 652, 6

....... 676, 19 ,1, 151, 21,437,16, 747, 26
, . 337, 2, 632, 7 757, 11, 808, 24, 809, 20

.1,26 13. 429, 19 814, 9,906,13. 943, 26

1,07, 8. 871, 26, 919, 7 422, 26. 66619

....... 769, 18 ,430,5. 661, 2, 7648. 25

Phil. 1, 16 ...... 641, 8 10,519,294,18, 29918

l, 8. ,620,17, 650, 21 411, 16. 434, 23. 872, 6

2,5 ,,,,,,, 87,21 ,,,.,,,6376210

2, 6264 20 267 21 337, 6 ,

388, 7, 638, 26 ,
71216. 916, 26 ',
,6725 24
.761, 3. 946, 12 134 20 369, 4 53613
61016834, 7. 874,10

wmmss

&affl-9¹99& „ert -. *- *-
oflaeaen—-oeq

,,4,-ι.

μ

001115 , , , . , ,116 11 ΠΤίωη28264Μ262766, 303, 22
, ,916, 2 317, 2 452, 23
712, 26, 714, 22
3.7‚.512420,23 ,,,
,5 ,,,,,,, 252, 20 ,
l,5 ,,,,,,, 474, 23 ,
,1,6 ,168 24, 286, 6 ,
473,16 768,10 ,
,17 ,,,,,,, 493, 25 .1,84 6. 392, 9
,,,,,,,, 717,16 ,590 24, 947, 4
3,] ,,,,,,, 324, 12 ,257, 25. 366, 2
3, 6 ,,,,,,, 699, 6 424, 23. 466, 16
3, 9, ,126,13.719,19 111112 ...... 498, 3
3, 10. 270, 23, 336, 20. 721, 22 1, 151521286, 24, 292, 23
3,18 ,,,,,,, 28210 293, 25, 299, 17, 479, 11
3,20 ,,,,,,, 126,13 . 728, 5,769, 8
3, 25 ,,,,,,, 874, 18 1, 16 ,,,,,,, 766, 10
4, 1 ,,,,,,, 282, 10 3,·5 ,,,,,,, 324, 17
1·Τ1ῑθεε.2,7,.,,,183,19Ηο1)ῐ,3,5,.,,,.665,16
2, 9, , . , . , ,177,26 4, 9, ,,,,,, 16319

 

