scriptorum.

ICor. 14, 33, .

15, 3 .......
15, 5 .......

15, 11 ....... 255, 9 13, 3.
15,12 ....... 317, 9 13,4

,17.9111100r.11‚.3
15. ,,,....717,15; 11,.10

993

. , .,578 25
,,173 23

317, 4 11, 23 ....... 649, 1

317, 22 12, 7,,608 28. 830, 13 871, 4

.,133 2. 742, 8
....... 340, 25

15, 21 ....... 105 23 (15.1,4 ...... 579, 25

15, 26326, 20. 357, 4, 360, 2
438, 13. 9224
15, 33 ....... 579, 1
15,35, ,318,13, 72219
15, 39. .,141 8

1, 6255, 21. 257, 30, 274, 27
495, 20 713, 2, 742, 12
1933419401 8 420 22
485, 13, 560, 2

15, 40 ....... 41214 ,
15, 42 ....... 535,12 ,

15,44.
15,.45

317, 25, 328, 5 ,
,,316 1927 ,

15 4725712 27426. 72421 , ..,
15 49 ....... 106, 2 ,

15, 50, 97, 0138 21 322, 23

475, 2 605,10
15,51, 143, 2.318,13
15, 53. 318, 26, 326, 20, 622, 2
15, 56 ,,,,,,, 43219
11007 1, 10 20. ,503, 15
1, 20 ....... 534, 11
1, 23 ,,,,,,, 520, 17
3, 2 ....... 421, 12
3, 3 ,,,,,,, 493, 11
3, 5 ....... 417, 7
3 6432 943210, 50422
3, 6.14, 16 . 13, 8
3,14 ....... 340, 13
3,15 ....... 333, 5
3,16 ....... 3664
4 ........ 717,15
4, 4509, 15. 578, 20. 830, 10
4, 6 ....... 59212
418 ....... 65, 9
5, 6 ....... 621, 25
5, 7 ....... 62216
5,13,355,21,370, 9649, 7
5,14,325,14,326, 7. 414, 15

5, 15 ....... 406, 8 y

5, 16. . . 313, 14,319, 19
5, 17 ....... 568, 26
5, 21 ,,,,,,, 414, 17
6 11 ....... 344, 6
7, 5 ....... 649, 2

9,7 ....... 771,747ρ1.’.7,7

7'7
7
7
5000...
7
7
7
7
7
7
7
ιιι
7

l.85, 5. 404, 5

406, 7.839, 15
,,,,,,, 335, 9
,,,,,,, 50414
,50,4 14. 512, 2
12,27.165,16

,27 ,,,,,,, 720, 6
,29, 626, 15, 696, 1. 768, 7
,42,0414, 317, 1, 332, 4
355, 6,675,14, 91210
5. 306, 1. 25
0 ,,,,, ·, ,16213
,1,83 22.718,14
,11,26,364,14,645, 6
..13 ,51,1 1

, 2 ,,,,,,, 515 3
....... 1212
,6,517 26 529, 21. 62212
1,,2 ,1,02 3, 465, 20
l ....... 106, 7
,17. .1,0315,350, 2
, ....... 180, 6
, ,,,,,,, 579, 2

,’ ,,,,,,, 71219 .

1,4 ....... 103, 22
,1,10 1291211

10, 12 ,,,,,,, 639, 25 21 ,,,,,,, 9223

10,21 ,,,,,,, 40626 2,2,

11, 2129, 16. 137, 26. 419, 19

4361.16429 24,

,1,24 23 , 872, 1
,180 10 , 912, 10
,326 26 . 327, 16

63*

23

 

