33122

2.64, 8 3348

,5 ....... 456,24
.,6 ······· 334,29
,.570, 7.679,4

10, 9 ....... 476, 4
1014....’.,,374 8
10, 51 ....... 391,18
11, l ....... 95,14
11, 5. . . 361, 12,368, 23
11 8 ....... 390, 20
11,13. . . ’, . , .308,7

11, 17 ....... 572, 5
11, 20 ....... 309, 23
11,22. . , 186,18.870,15
11, 24 ....... 730, 27
11, 30 ....... 429,12
11,33. . . 571, 12869, 26
11,34. . . . ’, , ,66825
11, 36. 61,15,116,17, 868, 5
12,1.,.448,19,565,26
1212, ,’ ..... 533, 23
12, 14 ....... 46514
12, 20 ....... 530, 20
13, 1. . . 673, 23.870, 21
13, 8 ....... 529, 22
13, 9 ....... 423, 0
13,]0· . , . , , .489,.15
141 ....... 149,12
14. 21 ....... 148, 8
15,4 3,00,16. 401, 4
15, 8 ....... 505, 24
16, 27 ....... 87412
1096.1,23,351,5,458,24. 649, 4
1,24. 88,18.536,15.543, 7
1, 25 ....... 375, 10

,.....669,6ο
,.......269,24
, ....... 966, 11
·, ......69969
⁴, ....... 26229

, . , 266, 6993, 4

4496966629
·, ....... 99626
4. 62 ....... 66626

,12,26. ,

, ... ..12419
415.. .720,15,769, 7
416 ....... 68422
5,1 ....... 65320
53 ....... 16523
5 5 ....... 681, 5
5, 7. . . . . , ,50815

6, 9 ....... 669, 66
6, 4 ....... 292, 6
669 ....... 666, 29
....... 649, 6
....... 626, 66
2,96, 29 . 666, 29

6 ....... 629, 62

7,
7,
7,
7,
7, 8 ....... 161, 14
7, , . . . ,281, 23
7, 36 ....... 778, 2
8,1 ....... 433,12
8, 6 ....... 61, 13
9, 7 ....... 153, 21
9,9,,,..,,,30323
10,1, . 11, 3. 357, 7
10, 4,143,,26456,,12458, 11
10, 6.,44822 473, 8 495, 14
503. 14, 619, 8
10, 6,11 269, 7. 285, 24
10, 10. 6 , ..36412
10,11. 155, 25, 291, 4. 300, 14
306,10.311,11,390, 4
768,17
10,13. . , . . , .907, 9
10, 19 ,,,,,,, 15219
1020539, 8559, 6.771, 16
10, 21 ....... 148,10
10, 22 ....... 60516
11, 7 ....... 125, 5
11, 11, , . 121, 16723, 28
11, 12 ...... ’. 61, 21
11, 19353, 8.418,17, 920, 17
11, 20 ....... 396, 7
11, 28 ....... 168, 4
12, 1 ....... 57617
1218. ,721,25.869,12
12, 22 ,,,,,,, 74619
12, 24, ,578 17, 869, 12
12, 25 ,,,,,,, 869, 12
, 612, 22 , 869, 12
12, 28, . , 498, 10 . 506, 26
13, 3 ....... 276, 25
13, 8 ,,,,,,, 813, 2
13, 9427, 21 , 777, 23, 811, 5
13, 10 ,,,,,,, 779,10
13,]1, , , 313, 27,328, 19
13, 13 ,,,,,,, 566, 9

 

