scriptorum. ⁴ 987 ’

Ezech. 13, 21. . . ,
1323 . . . , ,
331 ...,,.838,12
3311 , . 130, 3,187, 7

Dan.l,8 ...... 511,11
1,12 . . 743, 23756, 25·
2 ........ 190, 4
2,,34 . , 393, 16.426, 24
5, ....... 18323
6 ........ 563, 22

,.3 .372, 3
‚24. 372, 21. 395,1.2 869, 5
,27 , , , ,,372 5
,2 , , . ,749 6
Θζ24. ,379,13
,,,2 595, 12, 682, 25, 694, 11
,,69411

,,55613

. . , . ,18313

. . . . .’946, 4

, , ,87324

184,14

476, 2

, , ,46326

707,10

, , ,691, 23

194, 21

. . .511, 14

, , ,867 26

, 253, 25. 260 21

261, 23, 707, 15

. . ,,12816
1-13 ,,,,,, 714, 23
, . ,,38121

, . , 333, 11, 711, 7
. , 735,1. 7431

. . ,633 6

, , , , . ,253 27

, , . ,36311

. . . , .743, 2

, , . , ,630, 7

, . , , ,65317

, . ,36314

,,473 23

124, 9. 691, 5

, ,,462 7
,91,12.102,21,362,12
,,694 3. 946, 2
,708,12

,323 12, 374, 4. 382, 27
441, 24 453 2. w Ιὲ

, 130, 3

,88319 1136333 . .175, 10, 271, 20

273, 20. 647, 3

5,4 ,,.,,.462,5
5,5 ,,,.,,170,3
5, 3.]33,27.190,23.248, 1
275,26.5938
7532083410
5, 9, ,187 1
5,14 . 393, 8, 45317
51734418 433 2, 485 2
48328, 490, 7
4962150311

,433 19. 499, 9 513, 8
,5131

,,44313

520, 5

..,527,20

..527 5

13412

,173 3
13014518 9

525, 5674, 8, 682, 2
.,52228. 52310
,12513164 11, 531, 17
127, 8, 571, 27
5931588311
...,,78515
. , . ..26310
, . , , .265, 9
, 526, 4. 557, 23
, . . , ,413 3
,.,,,271,15
. 116, 7.122, 27
,.,,.453,1
. 122, 27. 182, 18
,.601,13.
77015

,94513

,. ,,330 7
, , 185 6,829,15
,, ,,186 6
. , 27311738, 3
, ,,66426
.. ,6,3722
, . . . , ,44314
,. 787, 8. 794 4
, 41, 3
...6734
..458,· il. 600, 15
,7843
,64323
,534
..73712
. . 44022 447, 28

ὲᾷδξὲἓ’ἓὲεῶἒὲἓὲἕι

‚gg--‚-

9090909090909090909001351553523:09295-”9292-02925091 φορ-9999999999
ffiffissgzzoeoew*ffissffiaez3zaeqffiaeffifflffizwqg

 

